
[OBJECTS]
# type	x	y	animation_id
# type: 0 = SIMON , 1 = Brick , 2 = Torch
# SIMON
0	100	20
# BRICK
# type 	x	y	width	height	animation_id
1	32	43	32	32
1	32	75	32	320
1	64	395	32	32	498
1	96	395	32	32	498
1	128	395	32	32
1	160	395	32	32	498
1	256	267	64	64	498
1	320	395	32	32	498
1	352	395	32	32	498
1	384	395	32	32	498
1	416	395	32	32	498
1	448	395	32	32	498
1	480	395	32	32	498
1	512	395	32	32	498
1	544	395	32	32	498
1	576	395	32	32	498
1	608	395	32	32	498
1	448	267	32	32	498
1	480	267	32	32	498
1	704	395	32	32	498
1	736	395	32	32	498
1	832	331	32	32	498
1	864	331	32	32	498
1	896	395	32	32	498
1	928	395	32	32	498
1	960	299	32	32	498
1	992	299	32	32	498
1	960	427	32	32	498
1	992	427	32	32	498
1	1024	427	32	32	498
1	1056	427	32	32	498
1	1088	267	32	32	498
1	1120	300	32	96
1	1120	267	32	32	498
1	1212	395	32	32	498
1	1244	395	32	32	498
1	1276	395	32	32	498
1	1308	395	32	32	498
1	1340	363	32	32	498
1	1372	363	32	32	498
1	1404	299	32	32	498
1	1436	299	32	32	498
1	1472	331	32	32	498
1	1472	43	32	192

# CANDLE
# type 	x	y	ani_id_Torch	type item
5	325	205	502	53
5	440	330	502	55
5	575	330	502	56
5	700	330	502	60
5	850	270	502	65
5	945	360	502	56
5	1070	360	502	55
5	1220	330	502	53
5	1330	330	502	57
5	1465	240	502	58

# ENEMY
# ===== raven ==========
# type 	x   y    type_item
13	608	138	55
13	832	240	53
13	960	176	55
13	1038	400	55
# ===== skeleton ========
12	718	320	58
12	1280	320	65

# --- SCENE PORTAL ----
# type	x	y	scene_id
50	1500	260	6
50	190	470	4

#============= stair ================
# type	x	y	width	height	state	trendX	trendY
# 1: stairAbove	2:stair below
# stair đôi
3	85	330	17	20	3	1	1
# stair 2
#3	115	380	15	2	2	1	-1
3	230	195	50	10	1	-1	1
# stair 3
3	740	390	30	5	2	1	-1
3	810	259	45	10	1	-1	1
# stair 4
3	1132	202	30	3	1	-1	-1
3	1264	390	30	6	2	1	1
[SETUP]
#==============simon=============
# type 	beingOnstair	stairTrend	nx	x	y
0	1	1	-1	164	394
#======= simon back map before===========
# type1	beingOnstair	stairTrend	nx	x	y
#1	1	1	1	140	51
[CAMERA]
# XLeft	XRight
0	1025
[MAP]
# filePath	column	row	index	align
map/Map5.txt	48	12	3000	75