
[OBJECTS]
# type	x	y	animation_id
# type: 0 = SIMON , 1 = Brick , 2 = Torch 
# SIMON
0	10	0	0	20	400	401	402	403	404	405	399	406	407	408	409	410	411	412	413
# BRICK
# type 	x	y	gr_row	gr_col	width	height	animation_id
1	-32	176	0	0	32	32
1	-32	208	0	0	32	180
1	0	360	0	0	32	32	496
1	32	360	0	0	32	32	496
1	64	360	0	0	32	32	496
1	96	360	0	0	32	32	496
1	128	360	0	0	32	32	496
1	160	360	0	0	32	32	496
1	192	360	0	0	32	32	496
1	224	360	0	0	32	32	496
1	256	360	0	0	32	32	496
1	288	360	0	1	32	32	496
1	320	360	0	1	32	32	496
1	352	360	0	1	32	32	496
1	384	360	0	1	32	32	496
1	416	360	0	1	32	32	496
1	448	360	0	1	32	32	496
1	480	360	0	1	32	32	496
1	512	360	0	1	32	32	496
1	544	360	0	2	32	32	496
1	576	360	0	2	32	32	496
1	608	360	0	2	32	32	496
1	640	360	0	2	32	32	496
1	672	360	0	2	32	32	496
1	704	360	0	2	32	32	496
1	736	360	0	2	32	32	496
1	768	360	0	2	32	32	496
1	800	360	0	3	32	32	496
1	832	360	0	3	32	32	496
1	864	360	0	3	32	32	496
1	896	360	0	3	32	32	496
1	928	360	0	3	32	32	496
1	960	360	0	3	32	32	496
1	992	360	0	3	32	32	496
1	1024	360	0	3	32	32	496
1	1056	360	0	3	32	32	496
1	1088	360	0	4	32	32	496
1	1120	360	0	4	32	32	496
1	1152	360	0	4	32	32	496
1	1184	360	0	4	32	32	496
1	1216	360	0	4	32	32	496
1	1248	360	0	4	32	32	496
1	1280	360	0	4	32	32	496
1	1312	360	0	4	32	32	496
1	1344	360	0	5	32	32	496
1	1376	360	0	5	32	32	496
1	1408	360	0	5	32	32	496
1	1440	360	0	5	32	32	496
1	1472	360	0	5	32	32	496
1	1504	360	0	5	32	32	496

# TORCH
# type 	x	y	gr_row	gr_col	ani_id_Torch	type item
2	190	300	0	0	501	53
2	416	300	0	1	501	52
2	640	300	0	2	501	51
2	864	300	0	3	501	55
2	1065	300	0	4	501	56

# --- SCENE PORTAL ----
# type	x	y	gr_row	gr_col	scene_id
50	1400	300	0	5	2
[SETUP]
#==============simon=============
# type 	beingOnstair	stairTrend
0	0	1	1	10	20
[CAMERA]
# XLeft	XRight
0	966
[MAP]
# filePath	column	row	index	align
map/Map1.txt	48	9	0	75